1640863774885 0.6898039 0
1640863775343 0.69080603 0
1640863775897 0.6903056 0
1640863776339 0.68619835 0
1640863776781 0.66966313 0
1640863777211 0.66378784 0
1640863777647 0.6725601 0
1640863778086 0.6695715 0
1640863778528 0.6798022 0
1640863778971 0.6895213 0
1640863779417 0.6931472 0
1640863779857 0.6931472 0
1640863780300 0.6931472 0
1640863780738 0.6931472 0
1640863781188 0.6931472 0
1640863781620 0.6931472 0
1640863782068 0.6931472 0
1640863782515 0.6931472 0
1640863782956 0.6931472 0
1640863783401 0.6931472 0
1640863783838 0.6931472 0
1640863784279 0.6931472 0
1640863784721 0.6931472 0
1640863785160 0.6931472 0
1640863785603 0.6931472 0
1640863786041 0.6931472 0
1640863786482 0.6931472 0
1640863786919 0.6931472 0
1640863787356 0.6931472 0
1640863787793 0.6931472 0
1640863788248 0.6931472 0
1640863788689 0.6931472 0
1640863789134 0.6931472 0
1640863789600 0.6931472 0
1640863790051 0.6931472 0
1640863790522 0.6931472 0
1640863791038 0.6931472 0
1640863791593 0.6931472 0
1640863792076 0.6931472 0
1640863792552 0.6931472 0
1640863793027 0.6931472 0
1640863793547 0.6931472 0
1640863794103 0.6931472 0
1640863794662 0.6931472 0
1640863795111 0.6931472 0
1640863795573 0.6931472 0
1640863796058 0.6931472 0
1640863796589 0.6931472 0
1640863797114 0.6931472 0
1640863797599 0.6931472 0
1640863798122 0.6931472 0
1640863798632 0.6931472 0
1640863799124 0.6931472 0
1640863799587 0.6931472 0
1640863800056 0.6931472 0
1640863800579 0.6931472 0
1640863801086 0.6931472 0
1640863801640 0.6931472 0
1640863802189 0.6931472 0
1640863802656 0.6931472 0
1640863803129 0.6931472 0
1640863803616 0.6931472 0
1640863804141 0.6931472 0
1640863804638 0.6931472 0
1640863805139 0.6931472 0
1640863805599 0.6931472 0
1640863806103 0.6931472 0
1640863806572 0.6931472 0
1640863807061 0.6931472 0
1640863807530 0.6931472 0
1640863807983 0.6931472 0
1640863808452 0.6931472 0
1640863808917 0.6931472 0
1640863809363 0.6931472 0
1640863809835 0.6931472 0
1640863810295 0.6931472 0
1640863810757 0.6931472 0
1640863811252 0.6931472 0
1640863811773 0.6931472 0
1640863812231 0.6931472 0
1640863812710 0.6931472 0
1640863813246 0.6931472 0
1640863813712 0.6931472 0
1640863814182 0.6931472 0
1640863814684 0.6931472 0
1640863815207 0.6931472 0
1640863815694 0.6931472 0
1640863816198 0.6931472 0
1640863816674 0.6931472 0
1640863817174 0.6931472 0
1640863817688 0.6931472 0
1640863818183 0.6931472 0
1640863818682 0.6931472 0
1640863819183 0.6931472 0
1640863819711 0.6931472 0
1640863820176 0.6931472 0
1640863820641 0.6931472 0
1640863821121 0.6931472 0
1640863821591 0.6931472 0
1640863822065 0.6931472 0
1640863822562 0.6931472 0
1640863823070 0.6931472 0
1640863823564 0.6931472 0
1640863824109 0.6931472 0
1640863824637 0.6931472 0
1640863825154 0.6931472 0
1640863825645 0.6931472 0
1640863826135 0.6931472 0
1640863826637 0.6931472 0
1640863827115 0.6931472 0
1640863827599 0.6931472 0
1640863828081 0.6931472 0
1640863828555 0.6931472 0
1640863829066 0.6931472 0
1640863829562 0.6931472 0
1640863830067 0.6931472 0
1640863830545 0.6931472 0
1640863831034 0.6931472 0
1640863831503 0.6931472 0
1640863831964 0.6931472 0
1640863832457 0.6931472 0
1640863832945 0.6931472 0
1640863833408 0.6931472 0
1640863833892 0.6931472 0
1640863834366 0.6931472 0
1640863834864 0.6931472 0
1640863835373 0.6931472 0
1640863835889 0.6931472 0
1640863836368 0.6931472 0
1640863836885 0.6931472 0
1640863837365 0.6931472 0
1640863837866 0.6931472 0
1640863838367 0.6931472 0
1640863838849 0.6931472 0
1640863839318 0.6931472 0
1640863839808 0.6931472 0
1640863840273 0.6931472 0
1640863840757 0.6931472 0
1640863841226 0.6931472 0
1640863841702 0.6931472 0
1640863842185 0.6931472 0
1640863842665 0.6931472 0
1640863843158 0.6931472 0
1640863843625 0.6931472 0
1640863844119 0.6931472 0
1640863844593 0.6931472 0
1640863845061 0.6931472 0
1640863845543 0.6931472 0
1640863846025 0.6931472 0
1640863846506 0.6931472 0
1640863846973 0.6931472 0
1640863847450 0.6931472 0
1640863847914 0.6931472 0
1640863848395 0.6931472 0
1640863848862 0.6931472 0
1640863849351 0.6931472 0
1640863849811 0.6931472 0
1640863850309 0.6931472 0
1640863850801 0.6931472 0
1640863851263 0.6931472 0
1640863851764 0.6931472 0
1640863852264 0.6931472 0
1640863852775 0.6931472 0
1640863853277 0.6931472 0
1640863853773 0.6931472 0
1640863854264 0.6931472 0
1640863854788 0.6931472 0
1640863855337 0.6931472 0
1640863855920 0.6931472 0
1640863856524 0.6931472 0
1640863857009 0.6931472 0
1640863857554 0.6931472 0
1640863858011 0.6931472 0
1640863858505 0.6931472 0
1640863859004 0.6931472 0
1640863859571 0.6931472 0
1640863860186 0.6931472 0
1640863860707 0.6931472 0
1640863861212 0.6931472 0
1640863861757 0.6931472 0
1640863862293 0.6931472 0
1640863862834 0.6931472 0
1640863863351 0.6931472 0
1640863863849 0.6931472 0
1640863864324 0.6931472 0
1640863864828 0.6931472 0
1640863865303 0.6931472 0
1640863865787 0.6931472 0
1640863866295 0.6931472 0
1640863866780 0.6931472 0
1640863867273 0.6931472 0
1640863867792 0.6931472 0
1640863868318 0.6931472 0
1640863868888 0.6931472 0
1640863869416 0.6931472 0
1640863869908 0.6931472 0
1640863870474 0.6931472 0
1640863870953 0.6931472 0
1640863871446 0.6931472 0
1640863871933 0.6931472 0
1640863872415 0.6931472 0
1640863872919 0.6931472 0
1640863873418 0.6931472 0
1640863873919 0.6931472 0
1640863874428 0.6931472 0
1640863874921 0.6931472 0
1640863875420 0.6931472 0
1640863875914 0.6931472 0
1640863876398 0.6931472 0
1640863876886 0.6931472 0
1640863877423 0.6931472 0
1640863877903 0.6931472 0
1640863878455 0.6931472 0
1640863878944 0.6931472 0
1640863879491 0.6931472 0
1640863879979 0.6931472 0
1640863880573 0.6931472 0
1640863881135 0.6931472 0
1640863881666 0.6931472 0
1640863882162 0.6931472 0
1640863882732 0.6931472 0
1640863883221 0.6931472 0
1640863883706 0.6931472 0
1640863884181 0.6931472 0
1640863884647 0.6931472 0
1640863885127 0.6931472 0
1640863885611 0.6931472 0
1640863886095 0.6931472 0
1640863886566 0.6931472 0
1640863887047 0.6931472 0
1640863887515 0.6931472 0
1640863888019 0.6931472 0
1640863888518 0.6931472 0
1640863889000 0.6931472 0
1640863889473 0.6931472 0
1640863890046 0.6931472 0
1640863890648 0.6931472 0
1640863891150 0.6931472 0
1640863891649 0.6931472 0
1640863892154 0.6931472 0
1640863892621 0.6931472 0
1640863893120 0.6931472 0
1640863893594 0.6931472 0
1640863894062 0.6931472 0
1640863894548 0.6931472 0
1640863895030 0.6931472 0
1640863895525 0.6931472 0
1640863896028 0.6931472 0
1640863896492 0.6931472 0
1640863896967 0.6931472 0
1640863897472 0.6931472 0
1640863897957 0.6931472 0
1640863898456 0.6931472 0
1640863898956 0.6931472 0
1640863899461 0.6931472 0
1640863899962 0.6931472 0
1640863900431 0.6931472 0
1640863900906 0.6931472 0
1640863901406 0.6931472 0
1640863901911 0.6931472 0
1640863902446 0.6931472 0
1640863902967 0.6931472 0
1640863903474 0.6931472 0
1640863903958 0.6931472 0
1640863904542 0.6931472 0
1640863905023 0.6931472 0
1640863905523 0.6931472 0
1640863906039 0.6931472 0
1640863906548 0.6931472 0
1640863907076 0.6931472 0
1640863907636 0.6931472 0
1640863908152 0.6931472 0
1640863908663 0.6931472 0
1640863909194 0.6931472 0
1640863909762 0.6931472 0
1640863910459 0.6931472 0
1640863911107 0.6931472 0
1640863911618 0.6931472 0
1640863912151 0.6931472 0
1640863912748 0.6931472 0
1640863913353 0.6931472 0
1640863913898 0.6931472 0
1640863914414 0.6931472 0
1640863914908 0.6931472 0
1640863915394 0.6931472 0
1640863915903 0.6931472 0
1640863916394 0.6931472 0
1640863916891 0.6931472 0
1640863917395 0.6931472 0
1640863917903 0.6931472 0
1640863918387 0.6931472 0
1640863918878 0.6931472 0
1640863919359 0.6931472 0
1640863919862 0.6931472 0
1640863920354 0.6931472 0
1640863920834 0.6931472 0
1640863921333 0.6931472 0
1640863921831 0.6931472 0
1640863922334 0.6931472 0
1640863922828 0.6931472 0
1640863923316 0.6931472 0
1640863923798 0.6931472 0
1640863924411 0.6931472 0
1640863924998 0.6931472 0
1640863925514 0.6931472 0
1640863926094 0.6931472 0
1640863926668 0.6931472 0
1640863927235 0.6931472 0
1640863927776 0.6931472 0
1640863928313 0.6931472 0
1640863928846 0.6931472 0
1640863929427 0.6931472 0
1640863929898 0.6931472 0
1640863930500 0.6931472 0
1640863930988 0.6931472 0
1640863931542 0.6931472 0
1640863932045 0.6931472 0
1640863932568 0.6931472 0
1640863933073 0.6931472 0
1640863933588 0.6931472 0
1640863934107 0.6931472 0
1640863934644 0.6931472 0
1640863935166 0.6931472 0
1640863935654 0.6931472 0
1640863936154 0.6931472 0
1640863936651 0.6931472 0
1640863937129 0.6931472 0
1640863937604 0.6931472 0
1640863938097 0.6931472 0
1640863938586 0.6931472 0
1640863939053 0.6931472 0
1640863939524 0.6931472 0
1640863940000 0.6931472 0
1640863940498 0.6931472 0
1640863940984 0.6931472 0
1640863941481 0.6931472 0
1640863941980 0.6931472 0
1640863942455 0.6931472 0
1640863942957 0.6931472 0
1640863943435 0.6931472 0
1640863943902 0.6931472 0
1640863944380 0.6931472 0
1640863944853 0.6931472 0
1640863945342 0.6931472 0
1640863945858 0.6931472 0
1640863946340 0.6931472 0
1640863946841 0.6931472 0
1640863947333 0.6931472 0
1640863947802 0.6931472 0
1640863948292 0.6931472 0
1640863948780 0.6931472 0
1640863949253 0.6931472 0
1640863949729 0.6931472 0
1640863950221 0.6931472 0
1640863950711 0.6931472 0
1640863951180 0.6931472 0
1640863951660 0.6931472 0
1640863952157 0.6931472 0
1640863952667 0.6931472 0
1640863953155 0.6931472 0
1640863953662 0.6931472 0
1640863954146 0.6931472 0
1640863954633 0.6931472 0
1640863955118 0.6931472 0
1640863955596 0.6931472 0
1640863956108 0.6931472 0
1640863956652 0.6931472 0
1640863957127 0.6931472 0
1640863957615 0.6931472 0
1640863958090 0.6931472 0
1640863958575 0.6931472 0
1640863959041 0.6931472 0
1640863959536 0.6931472 0
1640863960012 0.6931472 0
1640863960480 0.6931472 0
1640863960959 0.6931472 0
1640863961420 0.6931472 0
1640863961879 0.6931472 0
1640863962358 0.6931472 0
1640863962853 0.6931472 0
1640863963351 0.6931472 0
1640863963829 0.6931472 0
1640863964321 0.6931472 0
1640863964810 0.6931472 0
1640863965297 0.6931472 0
1640863965802 0.6931472 0
1640863966292 0.6931472 0
1640863966795 0.6931472 0
1640863967278 0.6931472 0
1640863967761 0.6931472 0
1640863968244 0.6931472 0
1640863968746 0.6931472 0
1640863969245 0.6931472 0
1640863969730 0.6931472 0
1640863970293 0.6931472 0
1640863970848 0.6931472 0
1640863971426 0.6931472 0
1640863971921 0.6931472 0
1640863972410 0.6931472 0
1640863972897 0.6931472 0
1640863973422 0.6931472 0
1640863973954 0.6931472 0
1640863974555 0.6931472 0
1640863975187 0.6931472 0
1640863975786 0.6931472 0
1640863976326 0.6931472 0
1640863976918 0.6931472 0
1640863977502 0.6931472 0
1640863978083 0.6931472 0
1640863978654 0.6931472 0
1640863979169 0.6931472 0
1640863979667 0.6931472 0
1640863980175 0.6931472 0
1640863980723 0.6931472 0
1640863981223 0.6931472 0
1640863981711 0.6931472 0
1640863982215 0.6931472 0
1640863982733 0.6931472 0
1640863983291 0.6931472 0
1640863983770 0.6931472 0
1640863984327 0.6931472 0
1640863984807 0.6931472 0
1640863985338 0.6931472 0
1640863985829 0.6931472 0
1640863986313 0.6931472 0
1640863986772 0.6931472 0
1640863987238 0.6931472 0
1640863987748 0.6931472 0
1640863988243 0.6931472 0
1640863988758 0.6931472 0
1640863989252 0.6931472 0
1640863989740 0.6931472 0
1640863990248 0.6931472 0
1640863990742 0.6931472 0
1640863991243 0.6931472 0
1640863991750 0.6931472 0
1640863992234 0.6931472 0
1640863992727 0.6931472 0
1640863993227 0.6931472 0
1640863993703 0.6931472 0
1640863994186 0.6931472 0
1640863994691 0.6931472 0
1640863995203 0.6931472 0
1640863995686 0.6931472 0
1640863996188 0.6931472 0
1640863996697 0.6931472 0
1640863997322 0.6931472 0
1640863997871 0.6931472 0
1640863998363 0.6931472 0
1640863998927 0.6931472 0
1640863999438 0.6931472 0
1640863999983 0.6931472 0
1640864000486 0.6931472 0
1640864000972 0.6931472 0
1640864001468 0.6931472 0
1640864001971 0.6931472 0
1640864002461 0.6931472 0
1640864002929 0.6931472 0
1640864003416 0.6931472 0
1640864003892 0.6931472 0
1640864004389 0.6931472 0
1640864004881 0.6931472 0
1640864005361 0.6931472 0
1640864005845 0.6931472 0
1640864006319 0.6931472 0
1640864006792 0.6931472 0
1640864007284 0.6931472 0
1640864007769 0.6931472 0
1640864008263 0.6931472 0
1640864008844 0.6931472 0
1640864009450 0.6931472 0
1640864010014 0.6931472 0
1640864010539 0.6931472 0
1640864011094 0.6931472 0
1640864011721 0.6931472 0
1640864012236 0.6931472 0
1640864012809 0.6931472 0
1640864013306 0.6931472 0
1640864013882 0.6931472 0
1640864014356 0.6931472 0
1640864014829 0.6931472 0
1640864015306 0.6931472 0
1640864015843 0.6931472 0
1640864016353 0.6931472 0
1640864016891 0.6931472 0
1640864017357 0.6931472 0
1640864017914 0.6931472 0
1640864018387 0.6931472 0
1640864018869 0.6931472 0
1640864019335 0.6931472 0
1640864019802 0.6931472 0
1640864020297 0.6931472 0
1640864020845 0.6931472 0
1640864021351 0.6931472 0
1640864021920 0.6931472 0
1640864022392 0.6931472 0
1640864022929 0.6931472 0
1640864023417 0.6931472 0
1640864023918 0.6931472 0
1640864024384 0.6931472 0
1640864024879 0.6931472 0
1640864025371 0.6931472 0
1640864025878 0.6931472 0
1640864026377 0.6931472 0
1640864026821 0.6931472 0
1640864027286 0.6931472 0
1640864027802 0.6931472 0
1640864028303 0.6931472 0
1640864028826 0.6931472 0
1640864029330 0.6931472 0
1640864029934 0.6931472 0
1640864030456 0.6931472 0
1640864030930 0.6931472 0
1640864031478 0.6931472 0
1640864032036 0.6931472 0
1640864032503 0.6931472 0
1640864033051 0.6931472 0
1640864033522 0.6931472 0
1640864033994 0.6931472 0
1640864034490 0.6931472 0
1640864034975 0.6931472 0
1640864035450 0.6931472 0
1640864035945 0.6931472 0
1640864036435 0.6931472 0
1640864036971 0.6931472 0
1640864037424 0.6931472 0
1640864037959 0.6931472 0
1640864038417 0.6931472 0
1640864038906 0.6931472 0
1640864039420 0.6931472 0
1640864039930 0.6931472 0
1640864040429 0.6931472 0
1640864041002 0.6931472 0
1640864041543 0.6931472 0
1640864042135 0.6931472 0
1640864042665 0.6931472 0
1640864043146 0.6931472 0
1640864043707 0.6931472 0
1640864044207 0.6931472 0
1640864044698 0.6931472 0
1640864045193 0.6931472 0
1640864045720 0.6931472 0
1640864046237 0.6931472 0
1640864046735 0.6931472 0
1640864047240 0.6931472 0
1640864047729 0.6931472 0
1640864048241 0.6931472 0
1640864048736 0.6931472 0
1640864049211 0.6931472 0
1640864049691 0.6931472 0
1640864050206 0.6931472 0
1640864050697 0.6931472 0
1640864051217 0.6931472 0
1640864051704 0.6931472 0
1640864052192 0.6931472 0
1640864052700 0.6931472 0
1640864053185 0.6931472 0
1640864053696 0.6931472 0
1640864054189 0.6931472 0
1640864054790 0.6931472 0
1640864055365 0.6931472 0
1640864055858 0.6931472 0
1640864056384 0.6931472 0
1640864056952 0.6931472 0
1640864057436 0.6931472 0
1640864058044 0.6931472 0
1640864058537 0.6931472 0
1640864059074 0.6931472 0
1640864059538 0.6931472 0
1640864060039 0.6931472 0
1640864060515 0.6931472 0
1640864060981 0.6931472 0
1640864061450 0.6931472 0
1640864061936 0.6931472 0
1640864062503 0.6931472 0
1640864062967 0.6931472 0
1640864063512 0.6931472 0
1640864063985 0.6931472 0
1640864064451 0.6931472 0
1640864064914 0.6931472 0
1640864065383 0.6931472 0
1640864065885 0.6931472 0
1640864066368 0.6931472 0
1640864066842 0.6931472 0
1640864067336 0.6931472 0
1640864067819 0.6931472 0
1640864068287 0.6931472 0
1640864068771 0.6931472 0
1640864069242 0.6931472 0
1640864069731 0.6931472 0
1640864070224 0.6931472 0
1640864070699 0.6931472 0
1640864071179 0.6931472 0
1640864071659 0.6931472 0
1640864072135 0.6931472 0
1640864072597 0.6931472 0
1640864073083 0.6931472 0
1640864073556 0.6931472 0
1640864074026 0.6931472 0
1640864074490 0.6931472 0
1640864074972 0.6931472 0
1640864075439 0.6931472 0
1640864075953 0.6931472 0
1640864076429 0.6931472 0
1640864076893 0.6931472 0
1640864077371 0.6931472 0
1640864077832 0.6931472 0
1640864078300 0.6931472 0
1640864078787 0.6931472 0
1640864079284 0.6931472 0
1640864079766 0.6931472 0
1640864080228 0.6931472 0
1640864080712 0.6931472 0
1640864081216 0.6931472 0
1640864081686 0.6931472 0
1640864082169 0.6931472 0
1640864082633 0.6931472 0
1640864083124 0.6931472 0
1640864083607 0.6931472 0
1640864084084 0.6931472 0
1640864084549 0.6931472 0
1640864085039 0.6931472 0
1640864085523 0.6931472 0
1640864085997 0.6931472 0
1640864086476 0.6931472 0
1640864086948 0.6931472 0
1640864087427 0.6931472 0
1640864087908 0.6931472 0
1640864088378 0.6931472 0
1640864088838 0.6931472 0
1640864089325 0.6931472 0
1640864089810 0.6931472 0
1640864090280 0.6931472 0
1640864090751 0.6931472 0
1640864091234 0.6931472 0
1640864091698 0.6931472 0
1640864092181 0.6931472 0
1640864092669 0.6931472 0
1640864093168 0.6931472 0
1640864093633 0.6931472 0
1640864094124 0.6931472 0
1640864094614 0.6931472 0
1640864095084 0.6931472 0
1640864095585 0.6931472 0
1640864096081 0.6931472 0
1640864096568 0.6931472 0
1640864097045 0.6931472 0
1640864097548 0.6931472 0
1640864098037 0.6931472 0
1640864098548 0.6931472 0
1640864099057 0.6931472 0
1640864099546 0.6931472 0
1640864100043 0.6931472 0
1640864100540 0.6931472 0
1640864101033 0.6931472 0
1640864101512 0.6931472 0
1640864101996 0.6931472 0
1640864102496 0.6931472 0
1640864103002 0.6931472 0
1640864103487 0.6931472 0
1640864103953 0.6931472 0
1640864104446 0.6931472 0
1640864104925 0.6931472 0
1640864105379 0.6931472 0
1640864105862 0.6931472 0
1640864106333 0.6931472 0
1640864106816 0.6931472 0
1640864107283 0.6931472 0
1640864107774 0.6931472 0
1640864108256 0.6931472 0
1640864108748 0.6931472 0
1640864109251 0.6931472 0
1640864109739 0.6931472 0
1640864110219 0.6931472 0
1640864110693 0.6931472 0
1640864111178 0.6931472 0
1640864111658 0.6931472 0
1640864112146 0.6931472 0
1640864112632 0.6931472 0
1640864113110 0.6931472 0
1640864113583 0.6931472 0
1640864114068 0.6931472 0
1640864114536 0.6931472 0
1640864115012 0.6931472 0
1640864115508 0.6931472 0
1640864116006 0.6931472 0
1640864116526 0.6931472 0
1640864116997 0.6931472 0
1640864117469 0.6931472 0
1640864117937 0.6931472 0
1640864118426 0.6931472 0
1640864118891 0.6931472 0
1640864119372 0.6931472 0
1640864119838 0.6931472 0
1640864120337 0.6931472 0
1640864120813 0.6931472 0
1640864121271 0.6931472 0
1640864121744 0.6931472 0
1640864122237 0.6931472 0
1640864122721 0.6931472 0
1640864123184 0.6931472 0
1640864123650 0.6931472 0
1640864124129 0.6931472 0
1640864124599 0.6931472 0
1640864125101 0.6931472 0
1640864125588 0.6931472 0
1640864126078 0.6931472 0
1640864126542 0.6931472 0
1640864127028 0.6931472 0
1640864127497 0.6931472 0
1640864127986 0.6931472 0
1640864128471 0.6931472 0
1640864128954 0.6931472 0
1640864129443 0.6931472 0
1640864129930 0.6931472 0
1640864130394 0.6931472 0
1640864130884 0.6931472 0
1640864131372 0.6931472 0
1640864131860 0.6931472 0
1640864132349 0.6931472 0
1640864132844 0.6931472 0
1640864133338 0.6931472 0
1640864133840 0.6931472 0
1640864134305 0.6931472 0
1640864134782 0.6931472 0
1640864135267 0.6931472 0
1640864135752 0.6931472 0
1640864136227 0.6931472 0
1640864136685 0.6931472 0
1640864137167 0.6931472 0
1640864137639 0.6931472 0
1640864138151 0.6931472 0
1640864138628 0.6931472 0
1640864139074 0.6931472 0
1640864139544 0.6931472 0
1640864140022 0.6931472 0
1640864140497 0.6931472 0
1640864140982 0.6931472 0
1640864141448 0.6931472 0
1640864141950 0.6931472 0
1640864142454 0.6931472 0
1640864142927 0.6931472 0
1640864143400 0.6931472 0
1640864143882 0.6931472 0
1640864144350 0.6931472 0
1640864144826 0.6931472 0
1640864145300 0.6931472 0
1640864145767 0.6931472 0
1640864146237 0.6931472 0
1640864146713 0.6931472 0
1640864147178 0.6931472 0
1640864147654 0.6931472 0
1640864148131 0.6931472 0
1640864148602 0.6931472 0
1640864149072 0.6931472 0
1640864149548 0.6931472 0
1640864150020 0.6931472 0
1640864150530 0.6931472 0
1640864151107 0.6931472 0
1640864151594 0.6931472 0
1640864152136 0.6931472 0
1640864152610 0.6931472 0
1640864153110 0.6931472 0
1640864153594 0.6931472 0
1640864154070 0.6931472 0
1640864154551 0.6931472 0
1640864155030 0.6931472 0
1640864155486 0.6931472 0
1640864155960 0.6931472 0
1640864156438 0.6931472 0
1640864156937 0.6931472 0
1640864157425 0.6931472 0
1640864157915 0.6931472 0
1640864158397 0.6931472 0
1640864158917 0.6931472 0
1640864159465 0.6931472 0
1640864159972 0.6931472 0
1640864160483 0.6931472 0
1640864161030 0.6931472 0
1640864161514 0.6931472 0
1640864162148 0.6931472 0
1640864162639 0.6931472 0
1640864163236 0.6931472 0
1640864163756 0.6931472 0
1640864164302 0.6931472 0
1640864164796 0.6931472 0
1640864165331 0.6931472 0
1640864165823 0.6931472 0
1640864166337 0.6931472 0
1640864166840 0.6931472 0
1640864167347 0.6931472 0
1640864167846 0.6931472 0
1640864168322 0.6931472 0
1640864168798 0.6931472 0
1640864169282 0.6931472 0
1640864169758 0.6931472 0
1640864170233 0.6931472 0
1640864170694 0.6931472 0
1640864171202 0.6931472 0
1640864171697 0.6931472 0
1640864172196 0.6931472 0
1640864172696 0.6931472 0
1640864173175 0.6931472 0
1640864173669 0.6931472 0
1640864174147 0.6931472 0
1640864174631 0.6931472 0
1640864175111 0.6931472 0
1640864175599 0.6931472 0
1640864176093 0.6931472 0
1640864176585 0.6931472 0
1640864177071 0.6931472 0
1640864177565 0.6931472 0
1640864178030 0.6931472 0
1640864178506 0.6931472 0
1640864178987 0.6931472 0
1640864179472 0.6931472 0
1640864179939 0.6931472 0
1640864180416 0.6931472 0
1640864180896 0.6931472 0
1640864181372 0.6931472 0
1640864181853 0.6931472 0
1640864182338 0.6931472 0
1640864182839 0.6931472 0
1640864183362 0.6931472 0
1640864183854 0.6931472 0
1640864184339 0.6931472 0
1640864184861 0.6931472 0
1640864185359 0.6931472 0
1640864185831 0.6931472 0
1640864186408 0.6931472 0
1640864186965 0.6931472 0
1640864187512 0.6931472 0
1640864188033 0.6931472 0
1640864188586 0.6931472 0
1640864189154 0.6931472 0
1640864189647 0.6931472 0
1640864190143 0.6931472 0
1640864190624 0.6931472 0
1640864191142 0.6931472 0
1640864191648 0.6931472 0
1640864192133 0.6931472 0
1640864192625 0.6931472 0
1640864193160 0.6931472 0
1640864193698 0.6931472 0
1640864194218 0.6931472 0
1640864194704 0.6931472 0
1640864195196 0.6931472 0
1640864195708 0.6931472 0
1640864196190 0.6931472 0
1640864196666 0.6931472 0
1640864197147 0.6931472 0
1640864197644 0.6931472 0
1640864198131 0.6931472 0
1640864198599 0.6931472 0
1640864199111 0.6931472 0
1640864199581 0.6931472 0
1640864200056 0.6931472 0
1640864200530 0.6931472 0
1640864201014 0.6931472 0
1640864201494 0.6931472 0
1640864201994 0.6931472 0
1640864202495 0.6931472 0
1640864203005 0.6931472 0
1640864203485 0.6931472 0
1640864203962 0.6931472 0
1640864204449 0.6931472 0
1640864204950 0.6931472 0
1640864205456 0.6931472 0
1640864205942 0.6931472 0
1640864206402 0.6931472 0
1640864206884 0.6931472 0
1640864207369 0.6931472 0
1640864207853 0.6931472 0
1640864208348 0.6931472 0
1640864208842 0.6931472 0
1640864209341 0.6931472 0
1640864209808 0.6931472 0
1640864210294 0.6931472 0
1640864210800 0.6931472 0
1640864211291 0.6931472 0
1640864211801 0.6931472 0
1640864212304 0.6931472 0
1640864212787 0.6931472 0
1640864213266 0.6931472 0
1640864213750 0.6931472 0
1640864214234 0.6931472 0
1640864214702 0.6931472 0
1640864215192 0.6931472 0
1640864215657 0.6931472 0
1640864216139 0.6931472 0
1640864216634 0.6931472 0
1640864217151 0.6931472 0
1640864217636 0.6931472 0
1640864218133 0.6931472 0
1640864218623 0.6931472 0
1640864219110 0.6931472 0
1640864219598 0.6931472 0
1640864220098 0.6931472 0
1640864220596 0.6931472 0
1640864221094 0.6931472 0
1640864221580 0.6931472 0
1640864222048 0.6931472 0
1640864222542 0.6931472 0
1640864223025 0.6931472 0
1640864223513 0.6931472 0
1640864223997 0.6931472 0
1640864224477 0.6931472 0
1640864224956 0.6931472 0
1640864225436 0.6931472 0
1640864225945 0.6931472 0
1640864226438 0.6931472 0
1640864226939 0.6931472 0
1640864227416 0.6931472 0
1640864227904 0.6931472 0
1640864228396 0.6931472 0
1640864228882 0.6931472 0
1640864229360 0.6931472 0
1640864229850 0.6931472 0
1640864230348 0.6931472 0
1640864230834 0.6931472 0
1640864231310 0.6931472 0
1640864231801 0.6931472 0
1640864232300 0.6931472 0
1640864232782 0.6931472 0
1640864233269 0.6931472 0
1640864233756 0.6931472 0
1640864234235 0.6931472 0
1640864234697 0.6931472 0
1640864235187 0.6931472 0
1640864235664 0.6931472 0
1640864236147 0.6931472 0
1640864236628 0.6931472 0
1640864237100 0.6931472 0
1640864237590 0.6931472 0
1640864238092 0.6931472 0
1640864238580 0.6931472 0
1640864239056 0.6931472 0
1640864239541 0.6931472 0
