1640863774890 0.6935346 0
1640863775347 0.6839634 0
1640863775902 0.6510031 0
1640863776343 0.60699177 0
1640863776784 0.57979286 0
1640863777214 0.5460453 0
1640863777650 0.51581216 0
1640863778088 0.5161556 0
1640863778531 0.51049435 0
1640863778976 0.5050715 0
1640863779421 0.50320446 0
1640863779863 0.50320446 0
1640863780304 0.50320446 0
1640863780743 0.50320446 0
1640863781193 0.50320446 0
1640863781625 0.50320446 0
1640863782072 0.50320446 0
1640863782519 0.50320446 0
1640863782960 0.50320446 0
1640863783406 0.50320446 0
1640863783843 0.50320446 0
1640863784283 0.50320446 0
1640863784724 0.50320446 0
1640863785165 0.50320446 0
1640863785608 0.50320446 0
1640863786045 0.50320446 0
1640863786486 0.50320446 0
1640863786925 0.50320446 0
1640863787360 0.50320446 0
1640863787799 0.50320446 0
1640863788252 0.50320446 0
1640863788695 0.50320446 0
1640863789140 0.50320446 0
1640863789604 0.50320446 0
1640863790054 0.50320446 0
1640863790526 0.50320446 0
1640863791042 0.50320446 0
1640863791597 0.50320446 0
1640863792080 0.50320446 0
1640863792556 0.50320446 0
1640863793032 0.50320446 0
1640863793551 0.50320446 0
1640863794107 0.50320446 0
1640863794664 0.50320446 0
1640863795115 0.50320446 0
1640863795575 0.50320446 0
1640863796060 0.50320446 0
1640863796593 0.50320446 0
1640863797117 0.50320446 0
1640863797602 0.50320446 0
1640863798126 0.50320446 0
1640863798638 0.50320446 0
1640863799126 0.50320446 0
1640863799592 0.50320446 0
1640863800060 0.50320446 0
1640863800583 0.50320446 0
1640863801090 0.50320446 0
1640863801642 0.50320446 0
1640863802192 0.50320446 0
1640863802660 0.50320446 0
1640863803132 0.50320446 0
1640863803620 0.50320446 0
1640863804146 0.50320446 0
1640863804641 0.50320446 0
1640863805141 0.50320446 0
1640863805603 0.50320446 0
1640863806107 0.50320446 0
1640863806577 0.50320446 0
1640863807063 0.50320446 0
1640863807535 0.50320446 0
1640863807987 0.50320446 0
1640863808454 0.50320446 0
1640863808923 0.50320446 0
1640863809369 0.50320446 0
1640863809841 0.50320446 0
1640863810299 0.50320446 0
1640863810763 0.50320446 0
1640863811257 0.50320446 0
1640863811778 0.50320446 0
1640863812236 0.50320446 0
1640863812716 0.50320446 0
1640863813250 0.50320446 0
1640863813716 0.50320446 0
1640863814186 0.50320446 0
1640863814686 0.50320446 0
1640863815211 0.50320446 0
1640863815699 0.50320446 0
1640863816200 0.50320446 0
1640863816680 0.50320446 0
1640863817178 0.50320446 0
1640863817692 0.50320446 0
1640863818187 0.50320446 0
1640863818684 0.50320446 0
1640863819186 0.50320446 0
1640863819714 0.50320446 0
1640863820178 0.50320446 0
1640863820643 0.50320446 0
1640863821126 0.50320446 0
1640863821597 0.50320446 0
1640863822074 0.50320446 0
1640863822565 0.50320446 0
1640863823075 0.50320446 0
1640863823574 0.50320446 0
1640863824112 0.50320446 0
1640863824642 0.50320446 0
1640863825156 0.50320446 0
1640863825651 0.50320446 0
1640863826140 0.50320446 0
1640863826642 0.50320446 0
1640863827127 0.50320446 0
1640863827601 0.50320446 0
1640863828085 0.50320446 0
1640863828562 0.50320446 0
1640863829077 0.50320446 0
1640863829564 0.50320446 0
1640863830080 0.50320446 0
1640863830548 0.50320446 0
1640863831038 0.50320446 0
1640863831507 0.50320446 0
1640863831967 0.50320446 0
1640863832461 0.50320446 0
1640863832950 0.50320446 0
1640863833413 0.50320446 0
1640863833897 0.50320446 0
1640863834383 0.50320446 0
1640863834882 0.50320446 0
1640863835384 0.50320446 0
1640863835895 0.50320446 0
1640863836387 0.50320446 0
1640863836891 0.50320446 0
1640863837387 0.50320446 0
1640863837887 0.50320446 0
1640863838386 0.50320446 0
1640863838856 0.50320446 0
1640863839337 0.50320446 0
1640863839813 0.50320446 0
1640863840286 0.50320446 0
1640863840761 0.50320446 0
1640863841234 0.50320446 0
1640863841707 0.50320446 0
1640863842188 0.50320446 0
1640863842686 0.50320446 0
1640863843162 0.50320446 0
1640863843634 0.50320446 0
1640863844134 0.50320446 0
1640863844595 0.50320446 0
1640863845065 0.50320446 0
1640863845547 0.50320446 0
1640863846034 0.50320446 0
1640863846510 0.50320446 0
1640863846987 0.50320446 0
1640863847456 0.50320446 0
1640863847935 0.50320446 0
1640863848401 0.50320446 0
1640863848885 0.50320446 0
1640863849358 0.50320446 0
1640863849835 0.50320446 0
1640863850315 0.50320446 0
1640863850806 0.50320446 0
1640863851286 0.50320446 0
1640863851786 0.50320446 0
1640863852286 0.50320446 0
1640863852787 0.50320446 0
1640863853286 0.50320446 0
1640863853786 0.50320446 0
1640863854287 0.50320446 0
1640863854792 0.50320446 0
1640863855342 0.50320446 0
1640863855937 0.50320446 0
1640863856537 0.50320446 0
1640863857011 0.50320446 0
1640863857561 0.50320446 0
1640863858017 0.50320446 0
1640863858509 0.50320446 0
1640863859010 0.50320446 0
1640863859586 0.50320446 0
1640863860191 0.50320446 0
1640863860711 0.50320446 0
1640863861235 0.50320446 0
1640863861760 0.50320446 0
1640863862299 0.50320446 0
1640863862840 0.50320446 0
1640863863353 0.50320446 0
1640863863856 0.50320446 0
1640863864335 0.50320446 0
1640863864837 0.50320446 0
1640863865309 0.50320446 0
1640863865793 0.50320446 0
1640863866302 0.50320446 0
1640863866787 0.50320446 0
1640863867288 0.50320446 0
1640863867797 0.50320446 0
1640863868337 0.50320446 0
1640863868892 0.50320446 0
1640863869437 0.50320446 0
1640863869914 0.50320446 0
1640863870486 0.50320446 0
1640863870958 0.50320446 0
1640863871453 0.50320446 0
1640863871940 0.50320446 0
1640863872437 0.50320446 0
1640863872937 0.50320446 0
1640863873437 0.50320446 0
1640863873937 0.50320446 0
1640863874437 0.50320446 0
1640863874935 0.50320446 0
1640863875435 0.50320446 0
1640863875917 0.50320446 0
1640863876402 0.50320446 0
1640863876893 0.50320446 0
1640863877438 0.50320446 0
1640863877906 0.50320446 0
1640863878459 0.50320446 0
1640863878951 0.50320446 0
1640863879496 0.50320446 0
1640863879987 0.50320446 0
1640863880588 0.50320446 0
1640863881137 0.50320446 0
1640863881685 0.50320446 0
1640863882186 0.50320446 0
1640863882738 0.50320446 0
1640863883238 0.50320446 0
1640863883710 0.50320446 0
1640863884187 0.50320446 0
1640863884652 0.50320446 0
1640863885137 0.50320446 0
1640863885617 0.50320446 0
1640863886099 0.50320446 0
1640863886585 0.50320446 0
1640863887049 0.50320446 0
1640863887538 0.50320446 0
1640863888038 0.50320446 0
1640863888538 0.50320446 0
1640863889004 0.50320446 0
1640863889485 0.50320446 0
1640863890050 0.50320446 0
1640863890653 0.50320446 0
1640863891157 0.50320446 0
1640863891654 0.50320446 0
1640863892160 0.50320446 0
1640863892638 0.50320446 0
1640863893135 0.50320446 0
1640863893598 0.50320446 0
1640863894068 0.50320446 0
1640863894554 0.50320446 0
1640863895036 0.50320446 0
1640863895536 0.50320446 0
1640863896034 0.50320446 0
1640863896495 0.50320446 0
1640863896981 0.50320446 0
1640863897480 0.50320446 0
1640863897960 0.50320446 0
1640863898461 0.50320446 0
1640863898958 0.50320446 0
1640863899479 0.50320446 0
1640863899978 0.50320446 0
1640863900434 0.50320446 0
1640863900908 0.50320446 0
1640863901408 0.50320446 0
1640863901926 0.50320446 0
1640863902451 0.50320446 0
1640863902975 0.50320446 0
1640863903477 0.50320446 0
1640863903974 0.50320446 0
1640863904545 0.50320446 0
1640863905027 0.50320446 0
1640863905530 0.50320446 0
1640863906048 0.50320446 0
1640863906555 0.50320446 0
1640863907080 0.50320446 0
1640863907646 0.50320446 0
1640863908173 0.50320446 0
1640863908672 0.50320446 0
1640863909201 0.50320446 0
1640863909772 0.50320446 0
1640863910469 0.50320446 0
1640863911119 0.50320446 0
1640863911625 0.50320446 0
1640863912171 0.50320446 0
1640863912770 0.50320446 0
1640863913370 0.50320446 0
1640863913903 0.50320446 0
1640863914420 0.50320446 0
1640863914921 0.50320446 0
1640863915399 0.50320446 0
1640863915920 0.50320446 0
1640863916418 0.50320446 0
1640863916895 0.50320446 0
1640863917417 0.50320446 0
1640863917919 0.50320446 0
1640863918392 0.50320446 0
1640863918885 0.50320446 0
1640863919368 0.50320446 0
1640863919868 0.50320446 0
1640863920368 0.50320446 0
1640863920839 0.50320446 0
1640863921339 0.50320446 0
1640863921833 0.50320446 0
1640863922341 0.50320446 0
1640863922832 0.50320446 0
1640863923321 0.50320446 0
1640863923814 0.50320446 0
1640863924418 0.50320446 0
1640863925016 0.50320446 0
1640863925522 0.50320446 0
1640863926117 0.50320446 0
1640863926672 0.50320446 0
1640863927242 0.50320446 0
1640863927780 0.50320446 0
1640863928318 0.50320446 0
1640863928863 0.50320446 0
1640863929429 0.50320446 0
1640863929913 0.50320446 0
1640863930513 0.50320446 0
1640863930996 0.50320446 0
1640863931546 0.50320446 0
1640863932063 0.50320446 0
1640863932573 0.50320446 0
1640863933077 0.50320446 0
1640863933591 0.50320446 0
1640863934116 0.50320446 0
1640863934663 0.50320446 0
1640863935171 0.50320446 0
1640863935667 0.50320446 0
1640863936165 0.50320446 0
1640863936666 0.50320446 0
1640863937133 0.50320446 0
1640863937613 0.50320446 0
1640863938113 0.50320446 0
1640863938591 0.50320446 0
1640863939063 0.50320446 0
1640863939529 0.50320446 0
1640863940013 0.50320446 0
1640863940515 0.50320446 0
1640863940989 0.50320446 0
1640863941483 0.50320446 0
1640863941982 0.50320446 0
1640863942462 0.50320446 0
1640863942962 0.50320446 0
1640863943437 0.50320446 0
1640863943913 0.50320446 0
1640863944383 0.50320446 0
1640863944862 0.50320446 0
1640863945362 0.50320446 0
1640863945862 0.50320446 0
1640863946344 0.50320446 0
1640863946844 0.50320446 0
1640863947340 0.50320446 0
1640863947812 0.50320446 0
1640863948312 0.50320446 0
1640863948784 0.50320446 0
1640863949265 0.50320446 0
1640863949734 0.50320446 0
1640863950226 0.50320446 0
1640863950716 0.50320446 0
1640863951186 0.50320446 0
1640863951666 0.50320446 0
1640863952165 0.50320446 0
1640863952672 0.50320446 0
1640863953162 0.50320446 0
1640863953666 0.50320446 0
1640863954165 0.50320446 0
1640863954640 0.50320446 0
1640863955124 0.50320446 0
1640863955615 0.50320446 0
1640863956112 0.50320446 0
1640863956665 0.50320446 0
1640863957135 0.50320446 0
1640863957622 0.50320446 0
1640863958094 0.50320446 0
1640863958582 0.50320446 0
1640863959065 0.50320446 0
1640863959539 0.50320446 0
1640863960017 0.50320446 0
1640863960484 0.50320446 0
1640863960963 0.50320446 0
1640863961424 0.50320446 0
1640863961883 0.50320446 0
1640863962362 0.50320446 0
1640863962862 0.50320446 0
1640863963362 0.50320446 0
1640863963831 0.50320446 0
1640863964325 0.50320446 0
1640863964814 0.50320446 0
1640863965312 0.50320446 0
1640863965815 0.50320446 0
1640863966314 0.50320446 0
1640863966816 0.50320446 0
1640863967283 0.50320446 0
1640863967765 0.50320446 0
1640863968265 0.50320446 0
1640863968765 0.50320446 0
1640863969265 0.50320446 0
1640863969734 0.50320446 0
1640863970315 0.50320446 0
1640863970864 0.50320446 0
1640863971428 0.50320446 0
1640863971928 0.50320446 0
1640863972415 0.50320446 0
1640863972915 0.50320446 0
1640863973427 0.50320446 0
1640863973964 0.50320446 0
1640863974564 0.50320446 0
1640863975194 0.50320446 0
1640863975792 0.50320446 0
1640863976330 0.50320446 0
1640863976921 0.50320446 0
1640863977512 0.50320446 0
1640863978086 0.50320446 0
1640863978665 0.50320446 0
1640863979172 0.50320446 0
1640863979673 0.50320446 0
1640863980181 0.50320446 0
1640863980728 0.50320446 0
1640863981228 0.50320446 0
1640863981713 0.50320446 0
1640863982217 0.50320446 0
1640863982740 0.50320446 0
1640863983294 0.50320446 0
1640863983775 0.50320446 0
1640863984332 0.50320446 0
1640863984812 0.50320446 0
1640863985341 0.50320446 0
1640863985833 0.50320446 0
1640863986315 0.50320446 0
1640863986777 0.50320446 0
1640863987262 0.50320446 0
1640863987765 0.50320446 0
1640863988266 0.50320446 0
1640863988765 0.50320446 0
1640863989263 0.50320446 0
1640863989763 0.50320446 0
1640863990265 0.50320446 0
1640863990765 0.50320446 0
1640863991266 0.50320446 0
1640863991765 0.50320446 0
1640863992239 0.50320446 0
1640863992734 0.50320446 0
1640863993232 0.50320446 0
1640863993717 0.50320446 0
1640863994191 0.50320446 0
1640863994713 0.50320446 0
1640863995216 0.50320446 0
1640863995693 0.50320446 0
1640863996194 0.50320446 0
1640863996716 0.50320446 0
1640863997328 0.50320446 0
1640863997875 0.50320446 0
1640863998370 0.50320446 0
1640863998933 0.50320446 0
1640863999446 0.50320446 0
1640863999991 0.50320446 0
1640864000488 0.50320446 0
1640864000976 0.50320446 0
1640864001472 0.50320446 0
1640864001975 0.50320446 0
1640864002466 0.50320446 0
1640864002936 0.50320446 0
1640864003422 0.50320446 0
1640864003916 0.50320446 0
1640864004413 0.50320446 0
1640864004889 0.50320446 0
1640864005367 0.50320446 0
1640864005865 0.50320446 0
1640864006326 0.50320446 0
1640864006816 0.50320446 0
1640864007287 0.50320446 0
1640864007774 0.50320446 0
1640864008265 0.50320446 0
1640864008863 0.50320446 0
1640864009463 0.50320446 0
1640864010018 0.50320446 0
1640864010564 0.50320446 0
1640864011117 0.50320446 0
1640864011726 0.50320446 0
1640864012243 0.50320446 0
1640864012816 0.50320446 0
1640864013313 0.50320446 0
1640864013885 0.50320446 0
1640864014363 0.50320446 0
1640864014834 0.50320446 0
1640864015313 0.50320446 0
1640864015863 0.50320446 0
1640864016367 0.50320446 0
1640864016894 0.50320446 0
1640864017363 0.50320446 0
1640864017919 0.50320446 0
1640864018389 0.50320446 0
1640864018871 0.50320446 0
1640864019338 0.50320446 0
1640864019813 0.50320446 0
1640864020313 0.50320446 0
1640864020863 0.50320446 0
1640864021363 0.50320446 0
1640864021922 0.50320446 0
1640864022413 0.50320446 0
1640864022932 0.50320446 0
1640864023420 0.50320446 0
1640864023923 0.50320446 0
1640864024388 0.50320446 0
1640864024881 0.50320446 0
1640864025373 0.50320446 0
1640864025881 0.50320446 0
1640864026379 0.50320446 0
1640864026826 0.50320446 0
1640864027288 0.50320446 0
1640864027813 0.50320446 0
1640864028313 0.50320446 0
1640864028829 0.50320446 0
1640864029334 0.50320446 0
1640864029938 0.50320446 0
1640864030463 0.50320446 0
1640864030932 0.50320446 0
1640864031480 0.50320446 0
1640864032040 0.50320446 0
1640864032517 0.50320446 0
1640864033063 0.50320446 0
1640864033529 0.50320446 0
1640864034014 0.50320446 0
1640864034494 0.50320446 0
1640864034977 0.50320446 0
1640864035463 0.50320446 0
1640864035964 0.50320446 0
1640864036440 0.50320446 0
1640864036974 0.50320446 0
1640864037427 0.50320446 0
1640864037963 0.50320446 0
1640864038421 0.50320446 0
1640864038913 0.50320446 0
1640864039424 0.50320446 0
1640864039938 0.50320446 0
1640864040431 0.50320446 0
1640864041013 0.50320446 0
1640864041545 0.50320446 0
1640864042142 0.50320446 0
1640864042673 0.50320446 0
1640864043167 0.50320446 0
1640864043717 0.50320446 0
1640864044216 0.50320446 0
1640864044717 0.50320446 0
1640864045216 0.50320446 0
1640864045728 0.50320446 0
1640864046242 0.50320446 0
1640864046744 0.50320446 0
1640864047245 0.50320446 0
1640864047736 0.50320446 0
1640864048266 0.50320446 0
1640864048741 0.50320446 0
1640864049217 0.50320446 0
1640864049693 0.50320446 0
1640864050216 0.50320446 0
1640864050717 0.50320446 0
1640864051222 0.50320446 0
1640864051717 0.50320446 0
1640864052216 0.50320446 0
1640864052717 0.50320446 0
1640864053192 0.50320446 0
1640864053717 0.50320446 0
1640864054214 0.50320446 0
1640864054815 0.50320446 0
1640864055372 0.50320446 0
1640864055864 0.50320446 0
1640864056391 0.50320446 0
1640864056967 0.50320446 0
1640864057440 0.50320446 0
1640864058064 0.50320446 0
1640864058541 0.50320446 0
1640864059077 0.50320446 0
1640864059541 0.50320446 0
1640864060042 0.50320446 0
1640864060520 0.50320446 0
1640864060986 0.50320446 0
1640864061464 0.50320446 0
1640864061941 0.50320446 0
1640864062514 0.50320446 0
1640864062970 0.50320446 0
1640864063515 0.50320446 0
1640864063988 0.50320446 0
1640864064464 0.50320446 0
1640864064918 0.50320446 0
1640864065391 0.50320446 0
1640864065892 0.50320446 0
1640864066376 0.50320446 0
1640864066865 0.50320446 0
1640864067344 0.50320446 0
1640864067826 0.50320446 0
1640864068294 0.50320446 0
1640864068777 0.50320446 0
1640864069265 0.50320446 0
1640864069740 0.50320446 0
1640864070231 0.50320446 0
1640864070719 0.50320446 0
1640864071185 0.50320446 0
1640864071667 0.50320446 0
1640864072139 0.50320446 0
1640864072618 0.50320446 0
1640864073085 0.50320446 0
1640864073564 0.50320446 0
1640864074031 0.50320446 0
1640864074493 0.50320446 0
1640864074974 0.50320446 0
1640864075444 0.50320446 0
1640864075964 0.50320446 0
1640864076435 0.50320446 0
1640864076916 0.50320446 0
1640864077377 0.50320446 0
1640864077837 0.50320446 0
1640864078318 0.50320446 0
1640864078795 0.50320446 0
1640864079291 0.50320446 0
1640864079770 0.50320446 0
1640864080236 0.50320446 0
1640864080719 0.50320446 0
1640864081222 0.50320446 0
1640864081691 0.50320446 0
1640864082175 0.50320446 0
1640864082640 0.50320446 0
1640864083127 0.50320446 0
1640864083615 0.50320446 0
1640864084087 0.50320446 0
1640864084565 0.50320446 0
1640864085042 0.50320446 0
1640864085527 0.50320446 0
1640864086015 0.50320446 0
1640864086479 0.50320446 0
1640864086965 0.50320446 0
1640864087435 0.50320446 0
1640864087918 0.50320446 0
1640864088383 0.50320446 0
1640864088844 0.50320446 0
1640864089333 0.50320446 0
1640864089818 0.50320446 0
1640864090289 0.50320446 0
1640864090768 0.50320446 0
1640864091240 0.50320446 0
1640864091715 0.50320446 0
1640864092189 0.50320446 0
1640864092676 0.50320446 0
1640864093170 0.50320446 0
1640864093638 0.50320446 0
1640864094129 0.50320446 0
1640864094617 0.50320446 0
1640864095090 0.50320446 0
1640864095593 0.50320446 0
1640864096085 0.50320446 0
1640864096571 0.50320446 0
1640864097065 0.50320446 0
1640864097565 0.50320446 0
1640864098042 0.50320446 0
1640864098568 0.50320446 0
1640864099065 0.50320446 0
1640864099565 0.50320446 0
1640864100065 0.50320446 0
1640864100545 0.50320446 0
1640864101037 0.50320446 0
1640864101515 0.50320446 0
1640864102015 0.50320446 0
1640864102515 0.50320446 0
1640864103015 0.50320446 0
1640864103489 0.50320446 0
1640864103969 0.50320446 0
1640864104469 0.50320446 0
1640864104932 0.50320446 0
1640864105388 0.50320446 0
1640864105870 0.50320446 0
1640864106340 0.50320446 0
1640864106823 0.50320446 0
1640864107292 0.50320446 0
1640864107780 0.50320446 0
1640864108270 0.50320446 0
1640864108765 0.50320446 0
1640864109269 0.50320446 0
1640864109744 0.50320446 0
1640864110221 0.50320446 0
1640864110696 0.50320446 0
1640864111183 0.50320446 0
1640864111669 0.50320446 0
1640864112165 0.50320446 0
1640864112640 0.50320446 0
1640864113119 0.50320446 0
1640864113586 0.50320446 0
1640864114071 0.50320446 0
1640864114543 0.50320446 0
1640864115019 0.50320446 0
1640864115515 0.50320446 0
1640864116015 0.50320446 0
1640864116530 0.50320446 0
1640864117015 0.50320446 0
1640864117476 0.50320446 0
1640864117946 0.50320446 0
1640864118432 0.50320446 0
1640864118894 0.50320446 0
1640864119376 0.50320446 0
1640864119842 0.50320446 0
1640864120343 0.50320446 0
1640864120816 0.50320446 0
1640864121277 0.50320446 0
1640864121747 0.50320446 0
1640864122245 0.50320446 0
1640864122729 0.50320446 0
1640864123187 0.50320446 0
1640864123665 0.50320446 0
1640864124133 0.50320446 0
1640864124616 0.50320446 0
1640864125115 0.50320446 0
1640864125590 0.50320446 0
1640864126081 0.50320446 0
1640864126547 0.50320446 0
1640864127031 0.50320446 0
1640864127516 0.50320446 0
1640864127989 0.50320446 0
1640864128480 0.50320446 0
1640864128968 0.50320446 0
1640864129446 0.50320446 0
1640864129932 0.50320446 0
1640864130398 0.50320446 0
1640864130892 0.50320446 0
1640864131380 0.50320446 0
1640864131869 0.50320446 0
1640864132369 0.50320446 0
1640864132869 0.50320446 0
1640864133346 0.50320446 0
1640864133842 0.50320446 0
1640864134319 0.50320446 0
1640864134791 0.50320446 0
1640864135269 0.50320446 0
1640864135769 0.50320446 0
1640864136230 0.50320446 0
1640864136687 0.50320446 0
1640864137169 0.50320446 0
1640864137646 0.50320446 0
1640864138166 0.50320446 0
1640864138632 0.50320446 0
1640864139078 0.50320446 0
1640864139548 0.50320446 0
1640864140025 0.50320446 0
1640864140520 0.50320446 0
1640864140989 0.50320446 0
1640864141470 0.50320446 0
1640864141970 0.50320446 0
1640864142470 0.50320446 0
1640864142935 0.50320446 0
1640864143420 0.50320446 0
1640864143890 0.50320446 0
1640864144371 0.50320446 0
1640864144834 0.50320446 0
1640864145320 0.50320446 0
1640864145771 0.50320446 0
1640864146245 0.50320446 0
1640864146721 0.50320446 0
1640864147181 0.50320446 0
1640864147670 0.50320446 0
1640864148135 0.50320446 0
1640864148616 0.50320446 0
1640864149075 0.50320446 0
1640864149566 0.50320446 0
1640864150026 0.50320446 0
1640864150534 0.50320446 0
1640864151116 0.50320446 0
1640864151598 0.50320446 0
1640864152140 0.50320446 0
1640864152619 0.50320446 0
1640864153116 0.50320446 0
1640864153599 0.50320446 0
1640864154073 0.50320446 0
1640864154566 0.50320446 0
1640864155033 0.50320446 0
1640864155492 0.50320446 0
1640864155970 0.50320446 0
1640864156446 0.50320446 0
1640864156945 0.50320446 0
1640864157433 0.50320446 0
1640864157919 0.50320446 0
1640864158416 0.50320446 0
1640864158923 0.50320446 0
1640864159471 0.50320446 0
1640864159978 0.50320446 0
1640864160489 0.50320446 0
1640864161036 0.50320446 0
1640864161521 0.50320446 0
1640864162170 0.50320446 0
1640864162647 0.50320446 0
1640864163244 0.50320446 0
1640864163766 0.50320446 0
1640864164320 0.50320446 0
1640864164820 0.50320446 0
1640864165337 0.50320446 0
1640864165871 0.50320446 0
1640864166345 0.50320446 0
1640864166848 0.50320446 0
1640864167371 0.50320446 0
1640864167870 0.50320446 0
1640864168328 0.50320446 0
1640864168820 0.50320446 0
1640864169289 0.50320446 0
1640864169766 0.50320446 0
1640864170239 0.50320446 0
1640864170717 0.50320446 0
1640864171220 0.50320446 0
1640864171720 0.50320446 0
1640864172221 0.50320446 0
1640864172719 0.50320446 0
1640864173183 0.50320446 0
1640864173676 0.50320446 0
1640864174172 0.50320446 0
1640864174633 0.50320446 0
1640864175120 0.50320446 0
1640864175617 0.50320446 0
1640864176098 0.50320446 0
1640864176587 0.50320446 0
1640864177073 0.50320446 0
1640864177567 0.50320446 0
1640864178032 0.50320446 0
1640864178516 0.50320446 0
1640864178995 0.50320446 0
1640864179477 0.50320446 0
1640864179944 0.50320446 0
1640864180420 0.50320446 0
1640864180920 0.50320446 0
1640864181379 0.50320446 0
1640864181867 0.50320446 0
1640864182344 0.50320446 0
1640864182845 0.50320446 0
1640864183371 0.50320446 0
1640864183871 0.50320446 0
1640864184347 0.50320446 0
1640864184870 0.50320446 0
1640864185371 0.50320446 0
1640864185840 0.50320446 0
1640864186420 0.50320446 0
1640864186974 0.50320446 0
1640864187521 0.50320446 0
1640864188035 0.50320446 0
1640864188595 0.50320446 0
1640864189167 0.50320446 0
1640864189667 0.50320446 0
1640864190148 0.50320446 0
1640864190626 0.50320446 0
1640864191144 0.50320446 0
1640864191667 0.50320446 0
1640864192137 0.50320446 0
1640864192628 0.50320446 0
1640864193167 0.50320446 0
1640864193717 0.50320446 0
1640864194222 0.50320446 0
1640864194717 0.50320446 0
1640864195198 0.50320446 0
1640864195717 0.50320446 0
1640864196194 0.50320446 0
1640864196668 0.50320446 0
1640864197167 0.50320446 0
1640864197646 0.50320446 0
1640864198135 0.50320446 0
1640864198621 0.50320446 0
1640864199121 0.50320446 0
1640864199587 0.50320446 0
1640864200067 0.50320446 0
1640864200537 0.50320446 0
1640864201021 0.50320446 0
1640864201518 0.50320446 0
1640864202017 0.50320446 0
1640864202520 0.50320446 0
1640864203022 0.50320446 0
1640864203493 0.50320446 0
1640864203970 0.50320446 0
1640864204471 0.50320446 0
1640864204971 0.50320446 0
1640864205472 0.50320446 0
1640864205947 0.50320446 0
1640864206422 0.50320446 0
1640864206890 0.50320446 0
1640864207377 0.50320446 0
1640864207867 0.50320446 0
1640864208367 0.50320446 0
1640864208846 0.50320446 0
1640864209343 0.50320446 0
1640864209817 0.50320446 0
1640864210297 0.50320446 0
1640864210817 0.50320446 0
1640864211294 0.50320446 0
1640864211817 0.50320446 0
1640864212317 0.50320446 0
1640864212790 0.50320446 0
1640864213268 0.50320446 0
1640864213767 0.50320446 0
1640864214236 0.50320446 0
1640864214717 0.50320446 0
1640864215196 0.50320446 0
1640864215668 0.50320446 0
1640864216147 0.50320446 0
1640864216642 0.50320446 0
1640864217167 0.50320446 0
1640864217642 0.50320446 0
1640864218135 0.50320446 0
1640864218632 0.50320446 0
1640864219121 0.50320446 0
1640864219622 0.50320446 0
1640864220122 0.50320446 0
1640864220620 0.50320446 0
1640864221119 0.50320446 0
1640864221590 0.50320446 0
1640864222070 0.50320446 0
1640864222548 0.50320446 0
1640864223033 0.50320446 0
1640864223521 0.50320446 0
1640864224022 0.50320446 0
1640864224484 0.50320446 0
1640864224972 0.50320446 0
1640864225444 0.50320446 0
1640864225971 0.50320446 0
1640864226446 0.50320446 0
1640864226945 0.50320446 0
1640864227423 0.50320446 0
1640864227918 0.50320446 0
1640864228420 0.50320446 0
1640864228890 0.50320446 0
1640864229367 0.50320446 0
1640864229868 0.50320446 0
1640864230367 0.50320446 0
1640864230836 0.50320446 0
1640864231318 0.50320446 0
1640864231822 0.50320446 0
1640864232318 0.50320446 0
1640864232787 0.50320446 0
1640864233273 0.50320446 0
1640864233768 0.50320446 0
1640864234238 0.50320446 0
1640864234718 0.50320446 0
1640864235190 0.50320446 0
1640864235671 0.50320446 0
1640864236149 0.50320446 0
1640864236637 0.50320446 0
1640864237122 0.50320446 0
1640864237597 0.50320446 0
1640864238100 0.50320446 0
1640864238586 0.50320446 0
1640864239072 0.50320446 0
1640864239550 0.50320446 0
